117859
R0 10
0 0.000 0.000 0.000
2156 0.300 0.173 0.110
3875 0.500 0.288 0.100
11643 0.800 0.500 0.100
18943 0.620 0.373 0.150
20352 0.500 0.288 0.100
29096 0.200 1.000 0.100
37138 0.380 0.573 0.150
39139 0.500 0.288 0.100
47002 0.100 0.300 0.100
R1 10
0 0.500 0.866 0.000
38403 0.500 0.519 0.010
40185 0.500 0.288 0.100
47953 0.200 0.500 0.100
55253 0.380 0.373 0.050
56662 0.500 0.288 0.100
65406 0.800 1.000 0.100
73448 0.620 0.573 0.050
75449 0.500 0.288 0.100
83312 0.900 0.300 0.100
R2 10
0 1.000 0.000 0.000
74726 0.700 0.173 0.060
76457 0.500 0.288 0.100
84364 0.200 0.000 0.100
91751 0.380 0.173 0.100
93210 0.500 0.288 0.100
101117 0.800 0.000 0.100
108504 0.620 0.173 0.100
109963 0.500 0.288 0.100
117859 0.500 0.700 0.100
