151362
R0 10
0 0.000 0.000 0.000
5288 1.800 1.200 0.110
9584 3.000 2.000 0.100
20400 0.000 1.000 0.100
29530 1.800 1.600 0.150
33555 3.000 2.000 0.100
42009 2.000 1.000 0.100
49507 2.600 1.600 0.150
52203 3.000 2.000 0.100
60657 4.000 1.000 0.100
R1 10
0 2.000 0.000 0.000
51553 2.600 1.200 0.010
54945 3.000 2.000 0.100
65761 0.000 1.000 0.100
74891 1.800 1.600 0.050
78916 3.000 2.000 0.100
87370 2.000 1.000 0.100
94868 2.600 1.600 0.050
97564 3.000 2.000 0.100
106018 2.000 1.000 0.100
R2 10
0 4.000 0.000 0.000
96916 3.400 1.200 0.060
100301 3.000 2.000 0.100
111117 0.000 1.000 0.100
120246 1.800 1.600 0.100
124269 3.000 2.000 0.100
132723 4.000 1.000 0.100
140218 3.400 1.600 0.100
142908 3.000 2.000 0.100
151362 4.000 1.000 0.100
