161912
R0 18
0 0.000 0.000 0.000
2156 0.300 0.173 0.110
3875 0.500 0.288 0.100
11643 0.200 0.500 0.100
19399 0.560 0.500 0.150
21170 0.800 0.500 0.100
25758 0.500 0.866 0.000
29557 0.680 0.946 0.110
30855 0.800 1.000 0.100
36576 1.000 0.000 0.000
40832 0.700 0.173 0.110
42551 0.500 0.288 0.100
50458 0.200 0.000 0.100
57862 0.380 0.173 0.150
59353 0.500 0.288 0.100
67260 0.800 0.000 0.100
72860 0.800 0.000 0.100
78395 0.500 0.866 0.000
R1 22
0 0.500 0.866 0.000
2653 0.320 0.346 0.010
4851 0.200 0.000 0.100
8642 0.000 0.000 0.000
12776 0.120 0.300 0.010
14504 0.200 0.500 0.100
20088 1.000 0.000 0.000
59763 0.700 0.173 0.010
61543 0.500 0.288 0.100
69311 0.800 0.500 0.100
77367 0.440 0.800 0.050
79379 0.200 1.000 0.100
85100 0.000 0.000 0.000
89305 0.300 0.173 0.010
91085 0.500 0.288 0.100
98853 0.200 0.500 0.100
106426 0.200 0.200 0.050
108050 0.200 0.000 0.100
111841 0.000 0.000 0.000
115975 0.120 0.300 0.010
117703 0.200 0.500 0.100
123287 1.000 0.000 0.000
R2 15
0 1.000 0.000 0.000
90920 0.700 0.173 0.060
92651 0.500 0.288 0.100
100558 0.200 0.000 0.100
107945 0.380 0.173 0.100
109404 0.500 0.288 0.100
117311 0.800 0.000 0.100
122911 0.800 0.000 0.100
128446 0.500 0.866 0.000
132668 0.500 0.519 0.060
134401 0.500 0.288 0.100
143145 0.200 1.000 0.100
151180 0.380 0.573 0.100
153168 0.500 0.288 0.100
161912 0.800 1.000 0.100
