261340
R0 22
0 0.000 0.000 0.000
2156 0.300 0.173 0.110
3875 0.500 0.288 0.100
11643 0.200 0.500 0.100
19699 0.560 0.200 0.150
21711 0.800 0.000 0.100
27246 0.500 0.866 0.000
31320 0.320 0.646 0.110
32877 0.200 0.500 0.100
38461 1.000 0.000 0.000
42717 0.700 0.173 0.110
44436 0.500 0.288 0.100
52204 0.200 0.500 0.100
59504 0.380 0.373 0.150
60913 0.500 0.288 0.100
68681 0.800 0.500 0.100
75981 0.620 0.373 0.150
77390 0.500 0.288 0.100
86134 0.800 1.000 0.100
94510 0.800 0.400 0.150
96781 0.800 0.000 0.100
102316 0.500 0.866 0.000
R1 19
0 0.500 0.866 0.000
77988 0.500 0.519 0.010
79770 0.500 0.288 0.100
87677 0.200 0.000 0.100
95081 0.380 0.173 0.050
96572 0.500 0.288 0.100
105316 0.200 1.000 0.100
113358 0.380 0.573 0.050
115359 0.500 0.288 0.100
124103 0.800 1.000 0.100
132145 0.620 0.573 0.050
134146 0.500 0.288 0.100
142890 0.200 1.000 0.100
150463 0.200 0.700 0.050
152087 0.200 0.500 0.100
157671 1.000 0.000 0.000
161876 0.700 0.173 0.010
163656 0.500 0.288 0.100
171563 0.800 0.000 0.100
R2 22
0 1.000 0.000 0.000
163491 0.700 0.173 0.060
165222 0.500 0.288 0.100
173129 0.800 0.000 0.100
180516 0.620 0.173 0.100
181975 0.500 0.288 0.100
189743 0.800 0.500 0.100
197792 0.440 0.200 0.100
199791 0.200 0.000 0.100
203582 0.000 0.000 0.000
207802 0.300 0.173 0.060
209533 0.500 0.288 0.100
217440 0.200 0.000 0.100
224827 0.380 0.173 0.100
226286 0.500 0.288 0.100
234193 0.800 0.000 0.100
241939 0.440 0.000 0.100
243691 0.200 0.000 0.100
247482 0.000 0.000 0.000
251702 0.300 0.173 0.060
253433 0.500 0.288 0.100
261340 0.200 0.000 0.100
