270472
R0 19
0 0.000 0.000 0.000
2156 0.300 0.173 0.110
3875 0.500 0.288 0.100
11782 0.200 0.000 0.100
19186 0.380 0.173 0.150
20677 0.500 0.288 0.100
28584 0.800 0.000 0.100
35988 0.620 0.173 0.150
37479 0.500 0.288 0.100
45247 0.200 0.500 0.100
52547 0.380 0.373 0.150
53956 0.500 0.288 0.100
61724 0.800 0.500 0.100
69024 0.620 0.373 0.150
70433 0.500 0.288 0.100
79177 0.200 1.000 0.100
87219 0.380 0.573 0.150
89220 0.500 0.288 0.100
97964 0.800 1.000 0.100
R1 19
0 0.500 0.866 0.000
88484 0.500 0.519 0.010
90266 0.500 0.288 0.100
98173 0.200 0.000 0.100
105577 0.380 0.173 0.050
107068 0.500 0.288 0.100
114975 0.800 0.000 0.100
122379 0.620 0.173 0.050
123870 0.500 0.288 0.100
131638 0.200 0.500 0.100
138938 0.380 0.373 0.050
140347 0.500 0.288 0.100
148115 0.800 0.500 0.100
155415 0.620 0.373 0.050
156824 0.500 0.288 0.100
165568 0.200 1.000 0.100
173610 0.380 0.573 0.050
175611 0.500 0.288 0.100
184355 0.800 1.000 0.100
R2 19
0 1.000 0.000 0.000
174888 0.700 0.173 0.060
176619 0.500 0.288 0.100
184526 0.200 0.000 0.100
191913 0.380 0.173 0.100
193372 0.500 0.288 0.100
201279 0.800 0.000 0.100
208666 0.620 0.173 0.100
210125 0.500 0.288 0.100
217893 0.200 0.500 0.100
225172 0.380 0.373 0.100
226543 0.500 0.288 0.100
234311 0.800 0.500 0.100
241590 0.620 0.373 0.100
242961 0.500 0.288 0.100
251705 0.200 1.000 0.100
259740 0.380 0.573 0.100
261728 0.500 0.288 0.100
270472 0.800 1.000 0.100
