76811
R0 7
0 0.000 0.000 0.000
2156 0.300 0.173 0.110
3875 0.500 0.288 0.100
13043 0.200 0.500 0.100
21743 0.380 0.373 0.150
23152 0.500 0.288 0.100
33296 0.800 1.000 0.100
R1 7
0 0.500 0.866 0.000
24150 0.500 0.519 0.010
25932 0.500 0.288 0.100
35100 0.800 0.500 0.100
43800 0.620 0.373 0.050
45209 0.500 0.288 0.100
55353 0.200 1.000 0.100
R2 7
0 1.000 0.000 0.000
46220 0.700 0.173 0.060
47951 0.500 0.288 0.100
57258 0.200 0.000 0.100
66045 0.380 0.173 0.100
67504 0.500 0.288 0.100
76811 0.800 0.000 0.100
