116186
R0 10
0 0.000 0.000 0.000
2156 0.300 0.173 0.110
3875 0.500 0.288 0.100
11782 0.200 0.000 0.100
19186 0.380 0.173 0.150
20677 0.500 0.288 0.100
28584 0.200 0.000 0.100
35988 0.380 0.173 0.150
37479 0.500 0.288 0.100
44726 0.500 0.500 0.100
R1 10
0 0.500 0.866 0.000
37891 0.500 0.519 0.010
39673 0.500 0.288 0.100
47580 0.800 0.000 0.100
54984 0.620 0.173 0.050
56475 0.500 0.288 0.100
64382 0.800 0.000 0.100
71786 0.620 0.173 0.050
73277 0.500 0.288 0.100
80524 0.500 0.500 0.100
R2 10
0 1.000 0.000 0.000
73702 0.700 0.173 0.060
75433 0.500 0.288 0.100
83340 0.200 0.000 0.100
90727 0.380 0.173 0.100
92186 0.500 0.288 0.100
100093 0.800 0.000 0.100
107480 0.620 0.173 0.100
108939 0.500 0.288 0.100
116186 0.500 0.500 0.100
