117199
R0 10
0 0.000 0.000 0.000
3496 0.900 0.300 0.110
6341 1.500 0.500 0.100
14922 0.000 0.500 0.100
22518 0.900 0.500 0.150
25294 1.500 0.500 0.100
32023 2.000 0.500 0.100
38196 1.700 0.500 0.150
39820 1.500 0.500 0.100
46549 2.000 0.500 0.100
R1 10
0 1.000 0.000 0.000
39753 1.300 0.300 0.010
41702 1.500 0.500 0.100
50283 0.000 0.500 0.100
57879 0.900 0.500 0.050
60655 1.500 0.500 0.100
67384 1.000 0.500 0.100
73557 1.300 0.500 0.050
75181 1.500 0.500 0.100
81910 1.000 0.500 0.100
R2 10
0 2.000 0.000 0.000
75125 1.700 0.300 0.060
77037 1.500 0.500 0.100
85618 0.000 0.500 0.100
93212 0.900 0.500 0.100
95983 1.500 0.500 0.100
102712 1.000 0.500 0.100
108871 1.300 0.500 0.100
110470 1.500 0.500 0.100
117199 2.000 0.500 0.100
